1616 0.028382 1.0
1632 0.028572 .99335013299734005319
1664 0.029504 .96197125813449023861
16128 0.031382 .90440379835574533171
3216 0.030299 .93673058516782732103
3232 0.029932 .94821595616731257517
3264 0.029437 .96416075007643441926
32128 0.030522 .92988663914553436865
6416 0.029301 .96863588273437766629
6432 0.029585 .95933750211255703904
6464 0.029636 .95768659738156296396
64128 0.029632 .95781587473002159827
12816 0.029348 .96708463949843260188
12832 0.030226 .93899292000264672798
12864 0.030499 .93058788812747958949
128128 0.029335 .96751320947673427646
