161616 1.269031 1.0 <not 144249108 <not 1114870536 <not 312388 28503537
161632 1.168029 1.08647216807116946582 19958332 135269344 39191145 1111297017 65308 282388 39626650
161664 1.179560 1.07585116484112719997 38446372 138702636 73530884 1111998320 310873 284604 45494353
1616128 1.159860 1.09412429086269032469 21441909 138260974 72432152 1109642374 207502 293267 26387351
163216 1.133613 1.11945699281853683752 <not 134101653 <not 1105703675 <not 304164 28727964
163232 1.209111 1.04955707126971799942 <not 129908662 <not 1092037620 <not 338325 43261051
163264 1.321585 .96023411282664376487 <not 146317033 <not 1071247982 <not 615265 34354579
1632128 1.345551 .94313110391207765443 35670432 153151039 66477330 1080511877 256906 580247 27846647
166416 1.356770 .93533244396618439381 31863712 168582681 57493547 1072083655 295297 812233 33464705
166432 1.283698 .98857441547778371548 <not 129165726 <not 1068636855 <not 433176 23576284
166464 1.282928 .98916774752753077335 33441570 136109002 63125321 1068076598 265061 539108 44744927
1664128 1.335037 .95055867365473765895 <not 150837009 <not 1076077779 <not 608417 90493507
1612816 1.294376 .98041913632514817950 27903145 128324477 58265959 1072643462 142913 412457 32729650
1612832 1.340128 .94694760500489505480 15090012 130104728 34086311 1089912718 0 414256 79226012
1612864 1.284155 .98822260552659141614 <not 134049013 <not 1071470766 <not 743277 45295198
16128128 1.346822 .94224106823321864359 <not 129684835 <not 1096849262 <not 307566 23487442
321616 1.295432 .97961992601695804951 29934894 121134288 47366066 1078190149 189633 329808 64495286
321632 1.272104 .99758431700552784992 <not 121718305 <not 1067099998 <not 393313 72609524
321664 1.297671 .97792969096173066979 39091208 124479222 73426694 1080861630 287023 364281 25997100
3216128 1.280858 .99076634568390875491 23189099 121265243 40968792 1075330661 195573 332422 28352865
323216 1.303915 .97324672237070667949 21210952 127516184 34612252 1077652095 73287 359235 33912382
323232 1.288871 .98460668290309891370 <not 123224998 <not 1075790651 <not 354015 46153067
323264 1.290776 .98315354484434169832 24466854 125189129 60688506 1075306259 246074 369698 25062602
3232128 1.352550 .93825071161879412960 <not 132413067 <not 1098425634 <not 318482 27233063
326416 1.268846 1.00014580177578681731 <not 121246495 <not 1071270211 <not 440542 52191372
326432 1.298380 .97739567769066066944 <not 121454224 <not 1075140425 <not 368740 64711413
326464 1.259131 1.00786256553130690928 43981681 115957308 79970150 1063881084 354915 385273 63078467
3264128 1.342117 .94554424092683424768 29684835 173900282 49408570 1073951449 157289 692317 27203270
3212816 1.335014 .95057505014928682395 36099743 143743242 65625355 1086152481 265347 487377 28472879
3212832 1.264090 1.00390874067511015829 44524186 127495790 69626805 1064218032 291745 564242 52322618
3212864 1.318915 .96217800237316278911 <not 148014332 <not 1077425064 <not 619234 61209682
32128128 1.295803 .97933945206177173536 <not 128572453 <not 1071333642 <not 439311 24421439
641616 1.305097 .97236527246633775114 36534542 140278753 67981584 1069222434 442227 530278 28928188
641632 1.356183 .93573728619220267471 32137317 162450431 53960625 1074955816 170034 693231 38444643
641664 1.275789 .99470288582202856428 <not 136881624 <not 1066914260 <not 519953 26217208
6416128 1.346205 .94267292128613398405 22944106 131272237 42915855 1088252031 196085 325663 23218817
643216 1.316919 .96363633602370381169 <not 123694078 <not 1080685744 <not 379925 58917937
643232 1.328876 .95496570033622399682 28841976 136579796 61266554 1085450377 249106 420643 27271556
643264 1.443498 .87913596000825771840 <not 187834143 <not 1082106817 <not 1007390 46083675
6432128 1.334557 .95090056101013295048 7465049 170310123 21525290 1074228950 16328 811538 29934402
646416 1.308346 .96995060939537400657 7968000 143493483 30253099 1075094476 13937 531892 36360583
646432 1.293455 .98111724025961475273 <not 139911183 <not 1067630386 <not 527125 47011554
646464 1.354645 .93679967814445851127 <not 140704110 <not 1083081731 <not 477968 45972921
6464128 1.330616 .95371692509334022738 16599655 131702453 70972272 1076041377 177565 469981 28226199
6412816 1.302056 .97463626756452871458 <not 148055395 <not 1071629763 <not 547901 35274669
6412832 1.302732 .97413051955429052176 42312726 147843663 78233182 1069554608 312325 605465 51878496
6412864 1.319080 .96205764623828729114 <not 150467909 <not 1071853701 <not 657474 41705037
64128128 1.237011 1.02588497596221860597 6711815 113833201 21694102 1051060682 26377 496548 74759046
1281616 1.236157 1.02659370937510364783 <not 124635900 <not 1057455860 <not 442367 41341695
1281632 1.310240 .96854851019660520210 39388824 127986696 77164582 1081424137 408963 369914 69787609
1281664 1.314020 .96576231716412231168 26608893 142295995 49667722 1073360245 187495 524176 37932756
12816128 1.296183 .97905234060314014301 39805396 124347129 78867432 1073412735 529789 785158 47487312
1283216 1.314679 .96527821620334697671 17038906 144091923 30618741 1077706980 121713 482314 27788678
1283232 1.323221 .95904690146241633105 24053100 141267828 78356056 1084598128 166169 440272 31428082
1283264 1.302970 .97395258524754982846 <not 134184029 <not 1072898245 <not 479941 23600479
12832128 1.316212 .96415395088329235715 <not 148975299 <not 1078176882 <not 554585 25642859
1286416 1.318372 .96257429617740668036 <not 150998830 <not 1073697718 <not 677512 36838922
1286432 1.342332 .94539279403307080513 19157416 130880514 35320491 1083922398 137401 359670 25040329
1286464 1.349062 .94067655897208578997 <not 147311582 <not 1088250519 <not 483640 32476898
12864128 1.336381 .94960269563844442565 48909403 133660235 102341871 1085419185 30153 366621 24459116
12812816 1.379456 .91995032824533729238 <not 151442781 <not 1094912460 <not 439973 26923433
12812832 1.332468 .95239135198743984846 <not 147067723 <not 1077541708 <not 543945 34097023
12812864 1.299595 .97648190397777769228 <not 124082376 <not 1074573300 <not 391326 51230962
128128128 1.344968 .94353992065238726869 <not 145104742 <not 1081591188 <not 479493 58900858
