100 0.000276 1.0
200 0.002127 .12976022566995768688
300 0.007034 .03923798692067102644
400 0.009127 .03023994740878711515
500 0.015630 .01765834932821497120
600 0.028734 .00960534558362915013
700 0.045083 .00612204156777499279
800 0.093831 .00294145857978706397
900 0.096426 .00286229855018356045
1000 0.152198 .00181342724608733360
1100 0.196259 .00140630493378647603
1200 0.316084 .00087318560888877640
1300 0.332464 .00083016507050387410
1400 0.425036 .00064935676036853348
1500 0.557417 .00049514098063030011
1600 0.975070 .00028305660106453895
1700 1.012261 .00027265695309806462
1800 1.433170 .00019258008470732711
1900 1.644819 .00016779961807347799
2000 3.029437 .00009110603719436977
2100 2.874074 .00009603093031007552
2200 4.908371 .00005623046831627030
2300 6.417755 .00004300569280067562
2400 9.894589 .00002789403379968586
2500 10.626423 .00002597299204068951
2600 13.593964 .00002030312865327582
2700 16.161114 .00001707803063575939
2800 20.643898 .00001336956809222754
2900 21.819868 .00001264902244138232
3000 24.750842 .00001115113578762290
3100 28.081076 .00000982868320288011
3200 35.004775 .00000788463859573443
3300 35.829572 .00000770313415968239
3400 40.278374 .00000685231235997758
3500 43.980505 .00000627550775053628
3600 51.541086 .00000535495119369428
3700 53.858522 .00000512453720880049
3800 60.583612 .00000455568743573757
3900 64.630284 .00000427044386807893
4000 74.302940 .00000371452327458375
